00000000000000000000000001001000000X0000000100010000001000000000000000000000000000000000000000000111
00000010000000000000000000010000000X0000000000010000000000000000000000000000000010000000000000000111
00000000000000000000000000000100000X0000010100000000000000000000010000000000000000000000000000000111
01000100000001000000000000000000000X0001000000000000100000000000000000000000001000000000000000000000
00000000000000000000000000001000000X0000000100010000000000000000000000000000000000100000000000000000
00010000000000000000000000000000100X0000000000000000000000001000000000011000000010000000000000001100
0000000000000000000000000000000000000000000000000000100100000000000000000000000000000000000000000000
0000000100000000000000000000000000000100000000000000000000000000000000100000111000000000000010000000
0000000001000000000000001010000010000001000000101000000000000000000000000000111000000000000000000000
0000000000000000100000000000000000010000000000000000000000000000000000000000111000000000000000000000
0000000001000000010000000000000010000000000001000000000010000000000000000000000001000000000000000000
0000000000000000000000000000000000000000000000000000000000000010010000000000000000000000000000000000
0000000000000000000000000000100000000000000000000000000000000000000000010000000000000000000010000000
0000000000000000100000000000000000000000000000000000000000001000000000000000000000000000000000000000
0000000000001000000001000000110000000000000000000001000000000000000000000000000000000000000000000000
0010000100001000000000000000000000000000000000000000001000000000000000000000000010000000000001000000
0001000001000000000000000000000000000000000000000000000000000000000000001000000000000000000000000000
0000000000000000000000000000000000000000000000010000000000000000100000000000000000000000001100000000
0100000000000001000000000100000000000000000000000000000000010000000000000000100000000000000000000100
1000000001000000000000000000100000000000000000000000010000000000000000000000000000000000000000010010
0000000010000100000000010000000000000000000000100000000000000000000000000000000000000000000000000000
0000000000000000000000000000001000000000000010000000010000000100000000100000000010000000000000000000
0000000000000000100000000000100000001000000001000000000000001000000000000000001010000000000000000000
0000000000000010000000000000000000000000000000000000000000000000000000000000000000000000010011000000
0000001000000000000000000000010000000000000000000000000000000000000010010000000001000000000000000100
0000001000001000000000000000000000000000001001000000000010100000000000000000000000000000100000001000
0000000000000000000010100000000000000000000000000000000000000000000000000000000000000000000000100000
0000000000000000000000000000000000000000000000000000100001000000000000000000000100000000000000010000
0000000000000000010000000000000000100000000000000010000000000000000000000000000000000000000000000010
0000110000000000000001000000100000000000100000000001000000000010000000000000100000010000000000000000
0000000000010000000000000000000000000000000000100000000000000000000000100000000000000000000000000000
0100000000001100000000000000000000000000000100000000010000000000001000001000000000000000000000000000
0000001000000000000000000100010000000000000000000000000000000000000000000000000100000000000000010000
0000000000000000000000000000000000001000000000001000000000000000000000000100000000000000000000000000
0000000000010100000000000000000000000000000000000000000000001000000100000000000000000000000000000000
0100000000000000000000000000000000000000010000000000000000000000000000000010000000000010000001000000
0000000000001000000000000000001000000000000000000000000000000000000000000000000000000000000000000000
0000000000000000000000000000100000000000000000000000100000000000000000000000000000000000000000000001
0000000000000100000000000000100000000000001000000001000000000000000000000000000000000100000000010000
0000000010010100001000000000110010000000000000000000000000000100000101010000010000000000000100000000
0000000000000001000000000000000000000000000000000000000000000000000010000000000000000000000000000000
0000000000000000000000000000000000000000000000000000000000010000000000000000000000000000111000010000
0000001000000000000000000000000000000000000000000001000000000000000000000000000000000000111000000000
0000000000000000000000000000000000000000000000000000000000100000000000000000010000000000111000000000
0000001001000000000000010000000000000000000000000000100000100000000000000000000000000000000000000000
0000000000000000000100000000000000000000000000000000000000000000001000000000010001000100000000000000
0000000000000000000010000010100000000000000001000010000000010000000000000000000000000000100000001000
0000000000000100000000000000000010000000000000000000000000000000100000000000000000000000001000000000
0000000000000000000000000000000000000000000000000000000000000000000000000000000000000000000010000000
1000100000000000000000000000000100000000000000000000010000000010000000000000000000000000000000100000
0000000000000000000000000000000000000000000000010000000000000000000000000000000000000000000000000000
0000010000000000101000001000000100000000000000XXXXXX000000000000000000000000010000000000000000000000
0001000000000000000000000000000000010000000000000000000000000000000000001000000000000000011110000000
0000000000100000000000000100000000001010000000001000000000000000000000000100000000000000011100000000
0010000000000000000000000000000000000000000000000000000000000000010000000000010000000000011101000000
0000000000000000010000000010000000000000000000000000100010000000001011100000000000000000100000000000
0000000000001000000000000000000000000000001000000100000010000010000011100000000000000000000000000000
000010000000000000000000X000000000000000000000000000000000001000000011101011101000000000100100000000
000000000000000000000000X000000000000000010000000000000000000000000000000011100000000000000000000000
000000000000000101000000X000000000000000000000000000000000000000000000000011100000000000000000000000
000000000000000000000000X000000000000000110100000000000000001000000000100000000001000000100000000000
0000000000100000000110000000001000001000000000000000000000000000000111000000000000000010000000000100
0000100000000000000000000000000000000000000000000000000000000000000111000000000000000000000000000000
0000000000000000000000000000000000000010000000000000000000000000000111000000000000000000000000000000
0000100000000000000000000000000000000000000000000001000000010010000000000010000000100000010000000000
0000000000000001000010100000000000000000000000110000001000000000000000000001000000000000000000000000
0000000000000000001000000000000001000000000000010000000001000000010000000000000000000010000010000000
0000000000000100000100010000000000000000010000000011000000000000000000000000000000000001000000000000
00000000100000000000000000000000000000000000000000000000000000000001000XXXXXXXX000010000000010000100
0000100010000000100001000000000000000000000000000000000000000001000000000000000000000000000010000000
0000000000000000000010000100000000001000001000000000000001000000000000000000000000000000100000000001
0000000101001000000000000000000000001001000000000000000000000000000000001000000000000000000000000000
0000000000001000100000000010000000000000000000000000000000001000000000001000000000000000000010000000
0010001000000000000000000000000000000000000100000000000000000000010010000000000000000000000000000000
0000000000001000000110000000000010001000000000000000000000000000000000000000000000000000000000000000
0100000000000011000000000000000000000100000000000000000000000000000001000000000000000000000000000000
0000000000000000000010000000000000000000001000000100011110000000000000000000010000001000000000010100
0100000000000000000000000000000000000000000000010000001111000000000000000000000000010000000100000000
0000000000000010000000000000010000000000000000001000001110000100000000000000000000000000000000000000
0000000000000000000000000000000100000010000000000000100000000000000000000000001000000000000000000000
0000000000010000000000100011000000000000001000000000000001000000001000000000000000000000000000100000
0000000000000000000000000000000100000000000000010000000000000000000000000000000000000000000100000000
0000000000000000000001000000000000100000100000000000000010000000000000000000000000000000001000000000
0000000000100000000100000000000000000100000000100000000001000000000000001000000000000000000000000000
0000000000000001000000000000000000010000000000000000000000000000000000100000010001000000000000000000
000000000001000001000000010000XXXXXX0000000000011010000000000000000100000000000000000000000100000000
0000000000000000000000000010000000000000000000000000001110000000000000000000000001000000010000000000
0000000100000000000000000000000010000000000000000100001000000000000000010010000000000000000000000000
0000000100000000000000000000010000000100000000000001001000000000000000000000100000000000010000000000
00001000000000000001000000000000000000000010001000001000000000001000000X0000000000000000000000001000
00000000000000000001000000100000010000000000000000000000000000000000000X0000000000010010000001000000
01000000000000000000000111000000000000000000000000000000000000100000000X0000000000000000010000001000
00000000000000000000000111000000001000000000000000000000000000000100000X0000010100000001000000010000
0000000010000000000000011100000000111000000000000000000000000000000000000000000100000000000000000100
0100000001000000000010000000000100111000010000000000000000000000000001000000000100000000000000000000
0000000000000000000001000000000000111000000000000000000000000000000000000000000000000000000000000000
0000001000000000000000001000000000000000000000000000000000000000000100000000000000000000000000000000
0000001000001001000001000001000000000000000010000000000000000000000000000000000000000100000000000100
0000000000000000000000000000000000000000010000000000000000000000000010000000000000000000000001000000
0000010000010000000000000000000000000001100000000000000000000000000100000000000000000000000000000000
